                           Logit Regression Results                           
==============================================================================
Dep. Variable:       default_flag_24m   No. Observations:               125472
Model:                          Logit   Df Residuals:                   125427
Method:                           MLE   Df Model:                           44
Date:                Fri, 28 Aug 2026   Pseudo R-squ.:                  0.2364
Time:                        18:56:33   Log-Likelihood:                -11584.
converged:                       True   LL-Null:                       -15172.
Covariance Type:            nonrobust   LLR p-value:                     0.000
======================================================================================================
                                         coef    std err          z      P>|z|      [0.025      0.975]
------------------------------------------------------------------------------------------------------
const                                -13.9856      0.486    -28.754      0.000     -14.939     -13.032
fico_band_620-639                      2.8180      0.107     26.298      0.000       2.608       3.028
fico_band_640-659                      2.4391      0.104     23.388      0.000       2.235       2.644
fico_band_660-679                      2.3040      0.101     22.903      0.000       2.107       2.501
fico_band_680-699                      1.9089      0.101     18.902      0.000       1.711       2.107
fico_band_700-719                      1.7111      0.101     16.881      0.000       1.512       1.910
fico_band_720-739                      1.3993      0.105     13.325      0.000       1.193       1.605
fico_band_740-759                      0.9296      0.112      8.292      0.000       0.710       1.149
fico_band_760-779                      0.6245      0.117      5.318      0.000       0.394       0.855
fico_band_<620                         3.1828      0.107     29.767      0.000       2.973       3.392
cltv_band_60-70                        0.4121      0.088      4.665      0.000       0.239       0.585
cltv_band_70-75                        0.5611      0.093      6.009      0.000       0.378       0.744
cltv_band_75-80                        0.7576      0.079      9.589      0.000       0.603       0.912
cltv_band_80-85                        0.9040      0.151      5.999      0.000       0.609       1.199
cltv_band_85-90                        1.1699      0.101     11.627      0.000       0.973       1.367
cltv_band_90-95                        1.1757      0.105     11.178      0.000       0.970       1.382
cltv_band_95-97                        1.0708      0.219      4.888      0.000       0.641       1.500
cltv_band_>97                          1.3928      0.106     13.124      0.000       1.185       1.601
dti_band_20-30                        -0.0555      0.106     -0.523      0.601      -0.263       0.152
dti_band_30-36                         0.1086      0.105      1.034      0.301      -0.097       0.314
dti_band_36-43                         0.2849      0.100      2.838      0.005       0.088       0.482
dti_band_43-50                         0.5358      0.101      5.289      0.000       0.337       0.734
dti_band_>50                           0.7993      0.104      7.651      0.000       0.595       1.004
dti_band_Not available                -0.5348      0.126     -4.246      0.000      -0.782      -0.288
loan_purpose_C                         0.6599      0.061     10.796      0.000       0.540       0.780
loan_purpose_N                         0.3368      0.061      5.496      0.000       0.217       0.457
occupancy_status_I                     0.1465      0.077      1.893      0.058      -0.005       0.298
occupancy_status_S                     0.2971      0.105      2.837      0.005       0.092       0.502
property_type_CO                       0.0702      0.069      1.019      0.308      -0.065       0.205
property_type_CP                      -0.5449      0.516     -1.055      0.291      -1.557       0.467
property_type_MH                      -0.0257      0.212     -0.121      0.904      -0.442       0.391
property_type_PU                      -0.0146      0.053     -0.275      0.783      -0.119       0.089
first_time_homebuyer_flag_Y           -0.0736      0.068     -1.086      0.277      -0.206       0.059
number_of_units_band_2-4               0.0075      0.118      0.064      0.949      -0.224       0.240
number_of_units_band_Not available     0.3397      1.061      0.320      0.749      -1.741       2.420
number_of_borrowers_band_1             0.7845      0.040     19.634      0.000       0.706       0.863
mi_pct_band_1-12                       0.1559      0.138      1.132      0.258      -0.114       0.426
mi_pct_band_13-25                      0.1276      0.078      1.632      0.103      -0.026       0.281
mi_pct_band_26-35                      0.4282      0.078      5.498      0.000       0.276       0.581
mi_pct_band_>35                        0.2777      1.053      0.264      0.792      -1.786       2.342
channel_B                              0.4265      0.159      2.690      0.007       0.116       0.737
channel_R                              1.0636      0.096     11.089      0.000       0.876       1.252
channel_T                              1.9658      0.098     20.123      0.000       1.774       2.157
rate_spread_pctpt                      0.7061      0.048     14.581      0.000       0.611       0.801
log_original_upb                       0.4741      0.038     12.557      0.000       0.400       0.548
======================================================================================================